   x              calc           prec      dif            N  location
   1.000000       1.000000       1.000000  0.000000e+00
   1.125000       1.601762       1.601807  4.497643e-05
   1.250000       2.441413       2.441406  7.152362e-06
   1.375000       3.574424       3.574463  3.867023e-05
   1.500000       5.062513       5.062500  1.271109e-05
   1.625000       6.972867       6.972900  3.377202e-05
   1.750000       9.378923       9.378906  1.702542e-05
   1.875000      12.359589      12.359619  2.997408e-05
   2.000000      16.000020      16.000000  2.036641e-05
   2.125000      20.390842      20.390869  2.703780e-05
   2.250000      25.628929      25.628906  2.294395e-05
   2.375000      31.816626      31.816650  2.477869e-05
   2.500000      39.062525      39.062500  2.491997e-05
   2.625000      47.480690      47.480713  2.305484e-05
   2.750000      57.191433      57.191406  2.641863e-05
   2.875000      68.320535      68.320557  2.175793e-05
   3.000000      81.000028      81.000000  2.753408e-05
   3.125000      95.367411      95.367432  2.080649e-05
   3.250000     111.566435     111.566406  2.833640e-05
   3.375000     129.746318     129.746338  2.014075e-05
   3.500000     150.062529     150.062500  2.887599e-05
   3.625000     172.676006     172.676025  1.971887e-05
   3.750000     197.753935     197.753906  2.918675e-05
   3.875000     225.468975     225.468994  1.951436e-05
   4.000000     256.000029     256.000000  2.928822e-05
   4.125000     289.531475     289.531494  1.951436e-05
   4.250000     326.253935     326.253906  2.918675e-05
   4.375000     366.363506     366.363525  1.971887e-05
   4.500000     410.062529     410.062500  2.887599e-05
   4.625000     457.558818     457.558838  2.014075e-05
   4.750000     509.066435     509.066406  2.833640e-05
   4.875000     564.804911     564.804932  2.080649e-05
   5.000000     625.000028     625.000000  2.753408e-05
   5.125000     689.883035     689.883057  2.175793e-05
   5.250000     759.691433     759.691406  2.641863e-05
   5.375000     834.668190     834.668213  2.305484e-05
   5.500000     915.062525     915.062500  2.491997e-05
   5.625000    1001.129126    1001.129150  2.477869e-05
   5.750000    1093.128929    1093.128906  2.294395e-05
   5.875000    1191.328342    1191.328369  2.703780e-05
   6.000000    1296.000020    1296.000000  2.036641e-05
   6.125000    1407.422089    1407.422119  2.997408e-05
   6.250000    1525.878923    1525.878906  1.702542e-05
   6.375000    1651.660367    1651.660400  3.377202e-05
   6.500000    1785.062513    1785.062500  1.271109e-05
   6.625000    1926.386924    1926.386963  3.867023e-05
   6.750000    2075.941413    2075.941406  7.152361e-06
   6.875000    2234.039262    2234.039307  4.497643e-05
   7.000000    2401.000000    2401.000000  0.000000e+00
||u-u*||/||u*|| = 2.866916e-08
||u-u*|| = 1.786273e-04